   11.00   11.00    5.00    6.00   10.00   10.00    5.00    5.00         1
    9.00    6.00    5.00    6.00    9.00   10.00    5.00    6.00         1
    7.00    7.00    7.00    6.00    8.00   11.00    6.00    5.00         1
    6.00   12.00   13.00    5.00    8.00   12.00    5.00    6.00         1
   10.00   12.00   11.00    4.00    9.00   11.00    2.00    4.00         1
    3.00   11.00    3.00    4.00   10.00   11.00    3.00    2.00         1
    6.00    6.00    6.00    6.00   10.00   10.00    5.00    5.00         1
    5.00    6.00   11.00    5.00   10.00   11.00    4.00    4.00         1
    5.00    6.00   11.00    7.00   10.00   11.00    4.00    5.00         1
   10.00   12.00   12.00    4.00    9.00   12.00    1.00    3.00         1
   10.00   12.00   12.00    4.00   10.00   12.00    1.00    4.00         1
   10.00   11.00    4.00    3.00   10.00   10.00    1.00    2.00         1
    9.00   11.00   11.00    9.00    9.00   11.00    1.00    2.00         1
   11.00   10.00   10.00   10.00   10.00   10.00    1.00    1.00         1
    5.00   13.00   13.00    5.00    8.00   13.00    5.00    3.00         1
   10.00   12.00   12.00    9.00    9.00   12.00    3.00    3.00         1
    5.00   13.00    5.00    4.00    9.00   13.00    3.00    4.00         1
    4.00   14.00    6.00    4.00    7.00   14.00    4.00    4.00         1
   10.00   13.00   12.00    5.00   10.00   13.00    2.00    4.00         1
   11.00   10.00    5.00    4.00   11.00   10.00    3.00    3.00         1
    6.00   10.00    4.00    3.00   12.00   10.00    3.00    3.00         1
   12.00    9.00    7.00   13.00   13.00    8.00    3.00    2.00         1
   11.00   11.00   11.00    4.00   10.00   11.00    2.00    3.00         1
    4.00   12.00    4.00    4.00    9.00   12.00    3.00    4.00         1
    5.00   12.00    5.00    5.00    9.00   12.00    3.00    5.00         1
    6.00    7.00    5.00    5.00    7.00   13.00    3.00    6.00         1
    5.00    6.00   14.00    5.00    7.00   14.00    5.00    5.00         1
    3.00    5.00    6.00    5.00    9.00   10.00    4.00    4.00         1
   11.00    6.00   10.00    6.00   10.00   10.00    3.00    4.00         1
    6.00    8.00    6.00    8.00    8.00   13.00    5.00    7.00         1
    5.00    5.00   12.00    9.00    9.00   12.00    4.00    4.00         1
    9.00   13.00   12.00    6.00    9.00   13.00    3.00    4.00         1
    6.00    6.00   11.00    6.00   10.00   11.00    3.00    4.00         1
   11.00   12.00   11.00    5.00   11.00   11.00    2.00    2.00         1
   10.00   10.00   11.00   11.00   10.00   10.00    1.00    1.00         1
    9.00   11.00   11.00   10.00   10.00   11.00    1.00    1.00         1
    5.00    5.00    4.00    6.00   10.00   11.00    3.00    4.00         1
    5.00    5.00    4.00    5.00    9.00   12.00    4.00    4.00         1
    6.00    5.00    7.00    6.00    9.00   11.00    5.00    4.00         1
    9.00   12.00   12.00    8.00    9.00   12.00    3.00    3.00         1
    4.00    5.00    3.00    4.00    9.00   12.00    3.00    3.00         1
    4.00    4.00    3.00   11.00   11.00   10.00    2.00    3.00         1
   11.00   10.00    5.00   10.00   11.00   10.00    5.00    4.00         1
    9.00   12.00   11.00    4.00    9.00   11.00    3.00    3.00         1
   10.00    6.00   10.00    4.00   10.00   11.00    2.00    5.00         1
    4.00   14.00    3.00    3.00    6.00   14.00    2.00    4.00         1
    5.00    7.00    4.00    5.00    7.00   14.00    5.00    6.00         1
    4.00    6.00   13.00    4.00    8.00   13.00    2.00    4.00         1
    7.00    6.00    7.00   10.00    4.00    3.00   12.00    8.00         2
    5.00    6.00    7.00   10.00    3.00    2.00   11.00    9.00         2
    6.00    6.00    6.00    9.00    3.00    3.00   12.00    8.00         2
    6.00    6.00    6.00    5.00    6.00    6.00   10.00   12.00         2
    4.00    4.00    4.00   15.00    4.00    4.00    8.00   13.00         2
    2.00    2.00    5.00    3.00    3.00    4.00    8.00   13.00         2
    5.00    5.00    6.00    5.00    4.00    4.00    8.00   12.00         2
    5.00    7.00    6.00    6.00    4.00    5.00    9.00   11.00         2
    5.00    5.00    6.00    6.00    4.00    5.00    9.00   12.00         2
    6.00    7.00    5.00    4.00    6.00    5.00    9.00    9.00         2
    6.00    6.00    5.00    4.00    6.00    5.00    6.00    9.00         2
    7.00    4.00    4.00    4.00    6.00    4.00    6.00    9.00         2
    4.00    4.00    7.00    5.00    4.00    5.00   11.00    7.00         2
    3.00    5.00    5.00    4.00    4.00    5.00    8.00   10.00         2
    3.00    3.00    3.00    4.00    4.00    4.00   13.00    6.00         2
    6.00    6.00    3.00   11.00    4.00    5.00    7.00   11.00         2
    7.00    6.00    4.00   10.00    5.00    4.00   10.00   10.00         2
    8.00    5.00    3.00    4.00    6.00    3.00    2.00    9.00         2
    8.00    6.00    8.00    5.00    6.00    6.00    5.00    7.00         2
    5.00    4.00    7.00    4.00    3.00    5.00    7.00    6.00         2
    7.00    4.00    6.00    4.00    5.00    4.00    9.00    5.00         2
    6.00    8.00    5.00   11.00    5.00    5.00    3.00   11.00         2
    8.00    6.00    6.00    4.00    6.00    4.00    4.00   15.00         2
    8.00    6.00    6.00    5.00    6.00    5.00    3.00    9.00         2
    5.00    6.00    7.00   12.00    4.00    5.00    4.00   12.00         2
    6.00    6.00   10.00   11.00    5.00    5.00    4.00   11.00         2
    6.00    6.00    4.00   16.00    4.00    4.00    4.00   14.00         2
    5.00    4.00    5.00    7.00    4.00    3.00    6.00    9.00         2
    6.00    6.00    5.00    6.00    5.00    6.00    4.00   11.00         2
    7.00    7.00    5.00    5.00    5.00    6.00    3.00    9.00         2
    5.00    7.00    5.00    7.00    5.00    6.00    6.00   13.00         2
    5.00    6.00    6.00    6.00    5.00    5.00    6.00   13.00         2
    4.00    5.00    6.00    5.00    4.00    6.00    7.00   12.00         2
    5.00    2.00    3.00    1.00    4.00    3.00   15.00    4.00         2
    6.00    4.00    4.00    3.00    5.00    4.00   14.00    5.00         2
    4.00    4.00    6.00    2.00    3.00    5.00   16.00    5.00         2
    6.00    4.00    5.00    5.00    5.00    5.00    6.00    8.00         2
    7.00    5.00    4.00    5.00    5.00    4.00    3.00    8.00         2
    4.00    4.00    6.00   10.00    3.00    4.00   12.00    9.00         2
    6.00    4.00    5.00    4.00    6.00    4.00   10.00    8.00         2
    6.00    5.00    7.00    5.00    5.00    7.00    7.00   11.00         2
    5.00    4.00    6.00    4.00    5.00    5.00    5.00   12.00         2
    7.00    6.00    4.00    4.00    6.00    5.00    5.00    7.00         2
    7.00    6.00    5.00    4.00    6.00    6.00    7.00    8.00         2
    6.00    5.00    5.00    4.00    5.00    4.00    8.00   10.00         2
    7.00    6.00    4.00    3.00    5.00    5.00   11.00    8.00         2
    5.00    3.00    5.00    5.00    3.00    4.00   14.00    8.00         2
    5.00    4.00    6.00    5.00    5.00    5.00   12.00    7.00         2
    7.00    7.00    5.00    6.00    3.00    3.00    4.00    6.00         3
    7.00    6.00    7.00    6.00    3.00    4.00    6.00    5.00         3
    6.00    6.00    5.00    5.00    4.00    3.00    4.00    5.00         3
    8.00    8.00    7.00    6.00    5.00    7.00    5.00    5.00         3
    6.00    8.00    7.00    5.00    5.00    6.00    2.00    2.00         3
    7.00    7.00    7.00    7.00    6.00    6.00    3.00    2.00         3
    7.00    7.00    7.00    7.00    5.00    6.00    5.00    5.00         3
    7.00    7.00    8.00    7.00    5.00    6.00    4.00    5.00         3
    8.00    7.00    7.00    6.00    6.00    5.00    4.00    5.00         3
    7.00    8.00    6.00    5.00    4.00    6.00    2.00    4.00         3
    9.00    7.00    7.00    6.00    8.00    6.00    4.00    3.00         3
    8.00    8.00    7.00    6.00    7.00    6.00    4.00    4.00         3
    7.00    6.00    6.00    5.00    3.00    2.00    5.00    4.00         3
    7.00    6.00    7.00    5.00    5.00    5.00    4.00    3.00         3
    7.00    8.00    7.00    6.00    6.00    7.00    2.00    4.00         3
    7.00    8.00    6.00    6.00    5.00    6.00    3.00    4.00         3
    8.00    9.00    7.00    6.00    6.00    7.00    3.00    4.00         3
    8.00    8.00    5.00    4.00    5.00    6.00    4.00    5.00         3
    8.00    7.00    7.00    6.00    6.00    5.00    4.00    4.00         3
    8.00    7.00    7.00    6.00    7.00    6.00    3.00    2.00         3
    8.00    7.00    7.00    8.00    7.00    7.00    2.00    3.00         3
    9.00    8.00    6.00    7.00    7.00    6.00    5.00    5.00         3
    8.00    9.00    7.00    7.00    7.00    7.00    4.00    5.00         3
   10.00    9.00    7.00    7.00    8.00    7.00    6.00    6.00         3
    8.00    8.00    7.00    7.00    6.00    7.00    6.00    6.00         3
    7.00    9.00    8.00    5.00    4.00    6.00    5.00    6.00         3
    8.00   10.00    8.00    5.00    6.00    6.00    4.00    8.00         3
    7.00    6.00    7.00    7.00    5.00    4.00    5.00    6.00         3
    7.00    7.00    7.00    7.00    4.00    5.00    5.00    6.00         3
    8.00    8.00    8.00    6.00    6.00    5.00    6.00    5.00         3
    8.00    7.00    6.00    6.00    6.00    6.00    3.00    4.00         3
    6.00    6.00    8.00    6.00    5.00    6.00    4.00    4.00         3
    8.00    8.00    8.00    8.00    7.00    8.00    4.00    4.00         3
    6.00    6.00    5.00    5.00    4.00    4.00    0.00    2.00         3
    6.00    6.00    8.00    6.00    4.00    5.00    1.00    3.00         3
    7.00    6.00    7.00    5.00    6.00    5.00    1.00    2.00         3
    7.00    8.00    6.00    6.00    4.00    6.00    5.00    5.00         3
    8.00    8.00    6.00    7.00    5.00    5.00    6.00    6.00         3
    7.00    7.00    7.00    6.00    6.00    5.00    5.00    4.00         3
    7.00    7.00    7.00    6.00    5.00    5.00    4.00    5.00         3
    7.00    5.00    8.00    7.00    5.00    5.00    4.00    5.00         3
    7.00    6.00    7.00    6.00    5.00    5.00    3.00    3.00         3
    7.00    7.00    7.00    6.00    6.00    5.00    4.00    4.00         3
    6.00    8.00    6.00    5.00    5.00    6.00    2.00    4.00         3
    6.00    7.00    5.00    5.00    5.00    5.00    1.00    2.00         3
    8.00    6.00    5.00    4.00    5.00    4.00    4.00    2.00         3
    6.00    6.00    6.00    6.00    5.00    4.00    2.00    3.00         3
    7.00    6.00    7.00    5.00    4.00    6.00    3.00    3.00         3
   10.00    7.00    6.00    6.00    9.00    9.00    7.00   10.00         4
   10.00    4.00    4.00    4.00    8.00    8.00    3.00   10.00         4
   10.00    7.00    4.00    4.00    9.00    9.00    3.00    9.00         4
    7.00    7.00    6.00    5.00   10.00   10.00   10.00    8.00         4
    6.00   10.00    6.00   10.00    8.00    8.00   13.00    4.00         4
    8.00   10.00    7.00   10.00    9.00    8.00   11.00    4.00         4
    5.00    7.00    8.00    7.00    8.00    9.00    9.00    8.00         4
    5.00    6.00    7.00    7.00    9.00    9.00    9.00    7.00         4
    6.00    7.00   11.00    6.00    8.00   11.00    7.00   10.00         4
    6.00   12.00   10.00    4.00    8.00   11.00    8.00    3.00         4
    7.00   12.00    8.00    6.00    9.00   11.00    9.00    1.00         4
   11.00    8.00    7.00   10.00   11.00   10.00    6.00    9.00         4
    9.00    5.00    6.00    7.00   10.00    9.00    7.00    5.00         4
   10.00    5.00    6.00    4.00    9.00    9.00    6.00   11.00         4
    7.00    5.00   11.00    6.00    9.00   11.00    5.00    9.00         4
    9.00   11.00    8.00    8.00    9.00   10.00    7.00    6.00         4
    9.00   10.00   10.00    6.00    9.00   10.00    3.00    4.00         4
   10.00    9.00    7.00   10.00   10.00    9.00    4.00    6.00         4
   11.00    9.00    5.00    4.00   11.00    8.00    5.00    8.00         4
    9.00   10.00    6.00    5.00    9.00    9.00    4.00    9.00         4
   11.00    9.00    5.00    5.00   10.00    9.00    4.00   10.00         4
   10.00    8.00    4.00    5.00   11.00    9.00    1.00    9.00         4
    8.00   11.00    5.00    4.00   10.00   10.00   11.00    8.00         4
   10.00   10.00   10.00    4.00   10.00   10.00    8.00   10.00         4
    6.00   10.00    6.00    6.00   10.00    9.00    9.00    9.00         4
    8.00    7.00    5.00    6.00    8.00   10.00    7.00   10.00         4
    6.00    8.00    5.00    5.00    9.00   10.00    8.00   10.00         4
    9.00    9.00    9.00    8.00    9.00   10.00    6.00    8.00         4
    6.00   11.00    8.00    7.00    8.00   10.00    9.00    7.00         4
    9.00   11.00    8.00    7.00   10.00   10.00    8.00    8.00         4
   10.00    6.00    5.00    5.00    9.00    9.00    7.00    9.00         4
   10.00    7.00   10.00    6.00    9.00    9.00    6.00   11.00         4
   11.00    6.00    6.00    6.00   10.00    9.00    6.00   10.00         4
    2.00    3.00   12.00    7.00    8.00   12.00    7.00    8.00         4
    4.00   12.00   11.00    5.00    7.00   11.00    8.00    7.00         4
    3.00    3.00   10.00    4.00    9.00   10.00    8.00    9.00         4
    8.00   11.00    4.00    4.00    8.00   11.00    7.00    3.00         4
    9.00    9.00    5.00    4.00    8.00   10.00    3.00    4.00         4
   11.00    8.00    5.00    4.00   10.00    8.00    2.00    6.00         4
   10.00   10.00    6.00    8.00   10.00   10.00    5.00    3.00         4
    8.00    4.00    6.00    4.00    8.00    9.00    7.00   10.00         4
    6.00    5.00    6.00    7.00    9.00   10.00    8.00    6.00         4
    9.00   11.00   11.00    8.00   10.00   11.00    4.00    3.00         4
   10.00    9.00   10.00    8.00   10.00   10.00    4.00    7.00         4
    9.00   10.00   11.00    7.00    9.00   11.00    2.00    7.00         4
   10.00    5.00    8.00    3.00    9.00    9.00    5.00    9.00         4
   11.00    7.00    4.00    5.00   11.00    9.00    4.00    7.00         4
    8.00    7.00   10.00    7.00   10.00    9.00    8.00    8.00         4
